Fecha ,Confirmed,Discarded,Accumuled
06/03/2020,1,154,1
07/03/2020,5,59,6
08/03/2020,1,37,7
09/03/2020,2,59,9
10/03/2020,2,26,11
11/03/2020,6,362,17
12/03/2020,5,186,22
13/03/2020,16,311,38
14/03/2020,5,308,43
15/03/2020,28,249,71
16/03/2020,15,478,86
17/03/2020,31,451,117
18/03/2020,28,250,145
19/03/2020,89,677,234
